63.4002 79.1911 52.2368 52.2368 52.2368 52.2368 52.2368 52.2368 52.2368 52.2368 52.2368 52.2368 52.2368 52.2368 52.2368 52.2368 52.2368 52.2368 52.2368 52.2368 52.2368 52.2368 52.2368 52.2368 52.2368 52.2368 52.2368 52.2368
58.2583 02.552 15.0937 15.0937 15.0937 15.0937 15.0937 15.0937 15.0937 15.0937 15.0937 15.0937 15.0937 15.0937 15.0937 15.0937 15.0937 15.0937 15.0937 15.0937 15.0937 15.0937 15.0937 15.0937 15.0937 15.0937 15.0937 15.0937
63.2027 35.0246 02.5522 02.5522 02.5522 02.5522 02.5522 02.5522 02.5522 02.5522 02.5522 02.5522 02.5522 02.5522 02.5522 02.5522 02.5522 02.5522 02.5522 02.5522 02.5522 02.5522 02.5522 02.5522 02.5522 02.5522 02.5522 02.5522
02.9443 24.3982 02.0413 02.0413 02.0413 02.0413 02.0413 02.0413 02.0413 02.0413 02.0413 02.0413 02.0413 02.0413 02.0413 02.0413 02.0413 02.0413 02.0413 02.0413 02.0413 02.0413 02.0413 02.0413 02.0413 02.0413 02.0413 02.0413
16.6839 93.6806 72.0646 72.0646 72.0646 72.0646 72.0646 72.0646 72.0646 72.0646 72.0646 72.0646 72.0646 72.0646 72.0646 72.0646 72.0646 72.0646 72.0646 72.0646 72.0646 72.0646 72.0646 72.0646 72.0646 72.0646 72.0646 72.0646
77.9139 94.1829 43.2613 43.2613 43.2613 43.2613 43.2613 43.2613 43.2613 43.2613 43.2613 43.2613 43.2613 43.2613 43.2613 43.2613 43.2613 43.2613 43.2613 43.2613 43.2613 43.2613 43.2613 43.2613 43.2613 43.2613 43.2613 43.2613
22.2175 16.0365 25.1382 25.1382 25.1382 25.1382 25.1382 25.1382 25.1382 25.1382 25.1382 25.1382 25.1382 25.1382 25.1382 25.1382 25.1382 25.1382 25.1382 25.1382 25.1382 25.1382 25.1382 25.1382 25.1382 25.1382 25.1382 25.1382
51.9581 70.0679 25.5611 25.5611 25.5611 25.5611 25.5611 25.5611 25.5611 25.5611 25.5611 25.5611 25.5611 25.5611 25.5611 25.5611 25.5611 25.5611 25.5611 25.5611 25.5611 25.5611 25.5611 25.5611 25.5611 25.5611 25.5611 25.5611
10.6648 63.3436 26.1623 26.1623 26.1623 26.1623 26.1623 26.1623 26.1623 26.1623 26.1623 26.1623 26.1623 26.1623 26.1623 26.1623 26.1623 26.1623 26.1623 26.1623 26.1623 26.1623 26.1623 26.1623 26.1623 26.1623 26.1623 26.1623
72.5895 27.2917 91.7095 91.7095 91.7095 91.7095 91.7095 91.7095 91.7095 91.7095 91.7095 91.7095 91.7095 91.7095 91.7095 91.7095 91.7095 91.7095 91.7095 91.7095 91.7095 91.7095 91.7095 91.7095 91.7095 91.7095 91.7095 91.7095
83.1605 26.1453 64.1403 64.1403 64.1403 64.1403 64.1403 64.1403 64.1403 64.1403 64.1403 64.1403 64.1403 64.1403 64.1403 64.1403 64.1403 64.1403 64.1403 64.1403 64.1403 64.1403 64.1403 64.1403 64.1403 64.1403 64.1403 64.1403
30.6649 81.0285 57.1179 57.1179 57.1179 57.1179 57.1179 57.1179 57.1179 57.1179 57.1179 57.1179 57.1179 57.1179 57.1179 57.1179 57.1179 57.1179 57.1179 57.1179 57.1179 57.1179 57.1179 57.1179 57.1179 57.1179 57.1179 57.1179
41.3041 77.6623 83.0015 83.0015 83.0015 83.0015 83.0015 83.0015 83.0015 83.0015 83.0015 83.0015 83.0015 83.0015 83.0015 83.0015 83.0015 83.0015 83.0015 83.0015 83.0015 83.0015 83.0015 83.0015 83.0015 83.0015 83.0015 83.0015
34.4677 35.9056 13.1532 13.1532 13.1532 13.1532 13.1532 13.1532 13.1532 13.1532 13.1532 13.1532 13.1532 13.1532 13.1532 13.1532 13.1532 13.1532 13.1532 13.1532 13.1532 13.1532 13.1532 13.1532 13.1532 13.1532 13.1532 13.1532
19.9684 73.5548 33.5874 33.5874 33.5874 33.5874 33.5874 33.5874 33.5874 33.5874 33.5874 33.5874 33.5874 33.5874 33.5874 33.5874 33.5874 33.5874 33.5874 33.5874 33.5874 33.5874 33.5874 33.5874 33.5874 33.5874 33.5874 33.5874
68.0095 06.9411 95.4877 95.4877 95.4877 95.4877 95.4877 95.4877 95.4877 95.4877 95.4877 95.4877 95.4877 95.4877 95.4877 95.4877 95.4877 95.4877 95.4877 95.4877 95.4877 95.4877 95.4877 95.4877 95.4877 95.4877 95.4877 95.4877
24.6898 79.7379 40.0089 40.0089 40.0089 40.0089 40.0089 40.0089 40.0089 40.0089 40.0089 40.0089 40.0089 40.0089 40.0089 40.0089 40.0089 40.0089 40.0089 40.0089 40.0089 40.0089 40.0089 40.0089 40.0089 40.0089 40.0089 40.0089
93.8988 35.0896 44.8881 44.8881 44.8881 44.8881 44.8881 44.8881 44.8881 44.8881 44.8881 44.8881 44.8881 44.8881 44.8881 44.8881 44.8881 44.8881 44.8881 44.8881 44.8881 44.8881 44.8881 44.8881 44.8881 44.8881 44.8881 44.8881
25.6286 25.5266 76.6072 76.6072 76.6072 76.6072 76.6072 76.6072 76.6072 76.6072 76.6072 76.6072 76.6072 76.6072 76.6072 76.6072 76.6072 76.6072 76.6072 76.6072 76.6072 76.6072 76.6072 76.6072 76.6072 76.6072 76.6072 76.6072
63.8836 61.2711 30.43 30.43 30.43 30.43 30.43 30.43 30.43 30.43 30.43 30.43 30.43 30.43 30.43 30.43 30.43 30.43 30.43 30.43 30.43 30.43 30.43 30.43 30.43 30.43 30.43 30.43
41.0471 53.3118 42.3367 42.3367 42.3367 42.3367 42.3367 42.3367 42.3367 42.3367 42.3367 42.3367 42.3367 42.3367 42.3367 42.3367 42.3367 42.3367 42.3367 42.3367 42.3367 42.3367 42.3367 42.3367 42.3367 42.3367 42.3367 42.3367
27.5728 37.3097 64.4825 64.4825 64.4825 64.4825 64.4825 64.4825 64.4825 64.4825 64.4825 64.4825 64.4825 64.4825 64.4825 64.4825 64.4825 64.4825 64.4825 64.4825 64.4825 64.4825 64.4825 64.4825 64.4825 64.4825 64.4825 64.4825
83.859 46.8993 08.6061 08.6061 08.6061 08.6061 08.6061 08.6061 08.6061 08.6061 08.6061 08.6061 08.6061 08.6061 08.6061 08.6061 08.6061 08.6061 08.6061 08.6061 08.6061 08.6061 08.6061 08.6061 08.6061 08.6061 08.6061 08.6061
01.8022 06.8426 39.8704 39.8704 39.8704 39.8704 39.8704 39.8704 39.8704 39.8704 39.8704 39.8704 39.8704 39.8704 39.8704 39.8704 39.8704 39.8704 39.8704 39.8704 39.8704 39.8704 39.8704 39.8704 39.8704 39.8704 39.8704 39.8704
02.6166 09.2248 19.1303 19.1303 19.1303 19.1303 19.1303 19.1303 19.1303 19.1303 19.1303 19.1303 19.1303 19.1303 19.1303 19.1303 19.1303 19.1303 19.1303 19.1303 19.1303 19.1303 19.1303 19.1303 19.1303 19.1303 19.1303 19.1303
58.7511 93.4678 85.7167 85.7167 85.7167 85.7167 85.7167 85.7167 85.7167 85.7167 85.7167 85.7167 85.7167 85.7167 85.7167 85.7167 85.7167 85.7167 85.7167 85.7167 85.7167 85.7167 85.7167 85.7167 85.7167 85.7167 85.7167 85.7167
77.4546 96.7273 85.6489 85.6489 85.6489 85.6489 85.6489 85.6489 85.6489 85.6489 85.6489 85.6489 85.6489 85.6489 85.6489 85.6489 85.6489 85.6489 85.6489 85.6489 85.6489 85.6489 85.6489 85.6489 85.6489 85.6489 85.6489 85.6489
95.3199 70.8153 70.1868 70.1868 70.1868 70.1868 70.1868 70.1868 70.1868 70.1868 70.1868 70.1868 70.1868 70.1868 70.1868 70.1868 70.1868 70.1868 70.1868 70.1868 70.1868 70.1868 70.1868 70.1868 70.1868 70.1868 70.1868 70.1868
04.4568 47.018 85.5266 85.5266 85.5266 85.5266 85.5266 85.5266 85.5266 85.5266 85.5266 85.5266 85.5266 85.5266 85.5266 85.5266 85.5266 85.5266 85.5266 85.5266 85.5266 85.5266 85.5266 85.5266 85.5266 85.5266 85.5266 85.5266
45.2245 25.2465 86.188 86.188 86.188 86.188 86.188 86.188 86.188 86.188 86.188 86.188 86.188 86.188 86.188 86.188 86.188 86.188 86.188 86.188 86.188 86.188 86.188 86.188 86.188 86.188 86.188 86.188
93.1973 50.6282 42.6678 42.6678 42.6678 42.6678 42.6678 42.6678 42.6678 42.6678 42.6678 42.6678 42.6678 42.6678 42.6678 42.6678 42.6678 42.6678 42.6678 42.6678 42.6678 42.6678 42.6678 42.6678 42.6678 42.6678 42.6678 42.6678
62.9814 58.5471 55.2607 55.2607 55.2607 55.2607 55.2607 55.2607 55.2607 55.2607 55.2607 55.2607 55.2607 55.2607 55.2607 55.2607 55.2607 55.2607 55.2607 55.2607 55.2607 55.2607 55.2607 55.2607 55.2607 55.2607 55.2607 55.2607
76.1941 21.4948 41.3216 41.3216 41.3216 41.3216 41.3216 41.3216 41.3216 41.3216 41.3216 41.3216 41.3216 41.3216 41.3216 41.3216 41.3216 41.3216 41.3216 41.3216 41.3216 41.3216 41.3216 41.3216 41.3216 41.3216 41.3216 41.3216
57.8898 80.5909 42.086 42.086 42.086 42.086 42.086 42.086 42.086 42.086 42.086 42.086 42.086 42.086 42.086 42.086 42.086 42.086 42.086 42.086 42.086 42.086 42.086 42.086 42.086 42.086 42.086 42.086
18.6452 19.116 92.5346 92.5346 92.5346 92.5346 92.5346 92.5346 92.5346 92.5346 92.5346 92.5346 92.5346 92.5346 92.5346 92.5346 92.5346 92.5346 92.5346 92.5346 92.5346 92.5346 92.5346 92.5346 92.5346 92.5346 92.5346 92.5346
71.6485 88.9457 53.1171 53.1171 53.1171 53.1171 53.1171 53.1171 53.1171 53.1171 53.1171 53.1171 53.1171 53.1171 53.1171 53.1171 53.1171 53.1171 53.1171 53.1171 53.1171 53.1171 53.1171 53.1171 53.1171 53.1171 53.1171 53.1171
87.3697 70.0865 70.102 70.102 70.102 70.102 70.102 70.102 70.102 70.102 70.102 70.102 70.102 70.102 70.102 70.102 70.102 70.102 70.102 70.102 70.102 70.102 70.102 70.102 70.102 70.102 70.102 70.102
20.4683 75.9963 64.6323 64.6323 64.6323 64.6323 64.6323 64.6323 64.6323 64.6323 64.6323 64.6323 64.6323 64.6323 64.6323 64.6323 64.6323 64.6323 64.6323 64.6323 64.6323 64.6323 64.6323 64.6323 64.6323 64.6323 64.6323 64.6323
04.6964 65.3016 89.0919 89.0919 89.0919 89.0919 89.0919 89.0919 89.0919 89.0919 89.0919 89.0919 89.0919 89.0919 89.0919 89.0919 89.0919 89.0919 89.0919 89.0919 89.0919 89.0919 89.0919 89.0919 89.0919 89.0919 89.0919 89.0919
22.0105 32.2076 18.5457 18.5457 18.5457 18.5457 18.5457 18.5457 18.5457 18.5457 18.5457 18.5457 18.5457 18.5457 18.5457 18.5457 18.5457 18.5457 18.5457 18.5457 18.5457 18.5457 18.5457 18.5457 18.5457 18.5457 18.5457 18.5457
41.3119 29.7915 74.6496 74.6496 74.6496 74.6496 74.6496 74.6496 74.6496 74.6496 74.6496 74.6496 74.6496 74.6496 74.6496 74.6496 74.6496 74.6496 74.6496 74.6496 74.6496 74.6496 74.6496 74.6496 74.6496 74.6496 74.6496 74.6496
01.9296 51.7681 43.5789 43.5789 43.5789 43.5789 43.5789 43.5789 43.5789 43.5789 43.5789 43.5789 43.5789 43.5789 43.5789 43.5789 43.5789 43.5789 43.5789 43.5789 43.5789 43.5789 43.5789 43.5789 43.5789 43.5789 43.5789 43.5789
76.5538 85.8488 44.956 44.956 44.956 44.956 44.956 44.956 44.956 44.956 44.956 44.956 44.956 44.956 44.956 44.956 44.956 44.956 44.956 44.956 44.956 44.956 44.956 44.956 44.956 44.956 44.956 44.956
58.9478 43.2959 11.0733 11.0733 11.0733 11.0733 11.0733 11.0733 11.0733 11.0733 11.0733 11.0733 11.0733 11.0733 11.0733 11.0733 11.0733 11.0733 11.0733 11.0733 11.0733 11.0733 11.0733 11.0733 11.0733 11.0733 11.0733 11.0733
01.3982 66.294 90.6019 90.6019 90.6019 90.6019 90.6019 90.6019 90.6019 90.6019 90.6019 90.6019 90.6019 90.6019 90.6019 90.6019 90.6019 90.6019 90.6019 90.6019 90.6019 90.6019 90.6019 90.6019 90.6019 90.6019 90.6019 90.6019
87.6262 60.5792 86.9608 86.9608 86.9608 86.9608 86.9608 86.9608 86.9608 86.9608 86.9608 86.9608 86.9608 86.9608 86.9608 86.9608 86.9608 86.9608 86.9608 86.9608 86.9608 86.9608 86.9608 86.9608 86.9608 86.9608 86.9608 86.9608
93.6077 47.9845 27.2797 27.2797 27.2797 27.2797 27.2797 27.2797 27.2797 27.2797 27.2797 27.2797 27.2797 27.2797 27.2797 27.2797 27.2797 27.2797 27.2797 27.2797 27.2797 27.2797 27.2797 27.2797 27.2797 27.2797 27.2797 27.2797
10.1925 68.1158 92.0371 92.0371 92.0371 92.0371 92.0371 92.0371 92.0371 92.0371 92.0371 92.0371 92.0371 92.0371 92.0371 92.0371 92.0371 92.0371 92.0371 92.0371 92.0371 92.0371 92.0371 92.0371 92.0371 92.0371 92.0371 92.0371
03.1659 20.6086 90.6735 90.6735 90.6735 90.6735 90.6735 90.6735 90.6735 90.6735 90.6735 90.6735 90.6735 90.6735 90.6735 90.6735 90.6735 90.6735 90.6735 90.6735 90.6735 90.6735 90.6735 90.6735 90.6735 90.6735 90.6735 90.6735
95.997 37.4589 76.0091 76.0091 76.0091 76.0091 76.0091 76.0091 76.0091 76.0091 76.0091 76.0091 76.0091 76.0091 76.0091 76.0091 76.0091 76.0091 76.0091 76.0091 76.0091 76.0091 76.0091 76.0091 76.0091 76.0091 76.0091 76.0091
89.8003 52.6844 30.6925 30.6925 30.6925 30.6925 30.6925 30.6925 30.6925 30.6925 30.6925 30.6925 30.6925 30.6925 30.6925 30.6925 30.6925 30.6925 30.6925 30.6925 30.6925 30.6925 30.6925 30.6925 30.6925 30.6925 30.6925 30.6925
75.4084 70.1125 41.2984 41.2984 41.2984 41.2984 41.2984 41.2984 41.2984 41.2984 41.2984 41.2984 41.2984 41.2984 41.2984 41.2984 41.2984 41.2984 41.2984 41.2984 41.2984 41.2984 41.2984 41.2984 41.2984 41.2984 41.2984 41.2984
50.9782 58.2462 66.2336 66.2336 66.2336 66.2336 66.2336 66.2336 66.2336 66.2336 66.2336 66.2336 66.2336 66.2336 66.2336 66.2336 66.2336 66.2336 66.2336 66.2336 66.2336 66.2336 66.2336 66.2336 66.2336 66.2336 66.2336 66.2336
02.9517 88.814 16.7477 16.7477 16.7477 16.7477 16.7477 16.7477 16.7477 16.7477 16.7477 16.7477 16.7477 16.7477 16.7477 16.7477 16.7477 16.7477 16.7477 16.7477 16.7477 16.7477 16.7477 16.7477 16.7477 16.7477 16.7477 16.7477
27.2355 07.8789 54.3218 54.3218 54.3218 54.3218 54.3218 54.3218 54.3218 54.3218 54.3218 54.3218 54.3218 54.3218 54.3218 54.3218 54.3218 54.3218 54.3218 54.3218 54.3218 54.3218 54.3218 54.3218 54.3218 54.3218 54.3218 54.3218
01.3974 33.9355 46.3285 46.3285 46.3285 46.3285 46.3285 46.3285 46.3285 46.3285 46.3285 46.3285 46.3285 46.3285 46.3285 46.3285 46.3285 46.3285 46.3285 46.3285 46.3285 46.3285 46.3285 46.3285 46.3285 46.3285 46.3285 46.3285
64.8566 85.448 57.667 57.667 57.667 57.667 57.667 57.667 57.667 57.667 57.667 57.667 57.667 57.667 57.667 57.667 57.667 57.667 57.667 57.667 57.667 57.667 57.667 57.667 57.667 57.667 57.667 57.667
03.7159 58.2116 91.3188 91.3188 91.3188 91.3188 91.3188 91.3188 91.3188 91.3188 91.3188 91.3188 91.3188 91.3188 91.3188 91.3188 91.3188 91.3188 91.3188 91.3188 91.3188 91.3188 91.3188 91.3188 91.3188 91.3188 91.3188 91.3188
38.1593 45.6566 61.143 61.143 61.143 61.143 61.143 61.143 61.143 61.143 61.143 61.143 61.143 61.143 61.143 61.143 61.143 61.143 61.143 61.143 61.143 61.143 61.143 61.143 61.143 61.143 61.143 61.143
76.6309 43.8924 31.0024 31.0024 31.0024 31.0024 31.0024 31.0024 31.0024 31.0024 31.0024 31.0024 31.0024 31.0024 31.0024 31.0024 31.0024 31.0024 31.0024 31.0024 31.0024 31.0024 31.0024 31.0024 31.0024 31.0024 31.0024 31.0024
25.656 74.4961 46.7483 46.7483 46.7483 46.7483 46.7483 46.7483 46.7483 46.7483 46.7483 46.7483 46.7483 46.7483 46.7483 46.7483 46.7483 46.7483 46.7483 46.7483 46.7483 46.7483 46.7483 46.7483 46.7483 46.7483 46.7483 46.7483
27.9807 25.4279 94.5097 94.5097 94.5097 94.5097 94.5097 94.5097 94.5097 94.5097 94.5097 94.5097 94.5097 94.5097 94.5097 94.5097 94.5097 94.5097 94.5097 94.5097 94.5097 94.5097 94.5097 94.5097 94.5097 94.5097 94.5097 94.5097
86.9465 55.9798 59.9041 59.9041 59.9041 59.9041 59.9041 59.9041 59.9041 59.9041 59.9041 59.9041 59.9041 59.9041 59.9041 59.9041 59.9041 59.9041 59.9041 59.9041 59.9041 59.9041 59.9041 59.9041 59.9041 59.9041 59.9041 59.9041
07.7021 67.147 69.4389 69.4389 69.4389 69.4389 69.4389 69.4389 69.4389 69.4389 69.4389 69.4389 69.4389 69.4389 69.4389 69.4389 69.4389 69.4389 69.4389 69.4389 69.4389 69.4389 69.4389 69.4389 69.4389 69.4389 69.4389 69.4389
79.971 95.475 36.2067 36.2067 36.2067 36.2067 36.2067 36.2067 36.2067 36.2067 36.2067 36.2067 36.2067 36.2067 36.2067 36.2067 36.2067 36.2067 36.2067 36.2067 36.2067 36.2067 36.2067 36.2067 36.2067 36.2067 36.2067 36.2067
50.6804 77.7074 07.2917 07.2917 07.2917 07.2917 07.2917 07.2917 07.2917 07.2917 07.2917 07.2917 07.2917 07.2917 07.2917 07.2917 07.2917 07.2917 07.2917 07.2917 07.2917 07.2917 07.2917 07.2917 07.2917 07.2917 07.2917 07.2917
69.4059 33.3739 44.5253 44.5253 44.5253 44.5253 44.5253 44.5253 44.5253 44.5253 44.5253 44.5253 44.5253 44.5253 44.5253 44.5253 44.5253 44.5253 44.5253 44.5253 44.5253 44.5253 44.5253 44.5253 44.5253 44.5253 44.5253 44.5253
09.5978 59.0069 46.6416 46.6416 46.6416 46.6416 46.6416 46.6416 46.6416 46.6416 46.6416 46.6416 46.6416 46.6416 46.6416 46.6416 46.6416 46.6416 46.6416 46.6416 46.6416 46.6416 46.6416 46.6416 46.6416 46.6416 46.6416 46.6416
99.0411 58.1304 35.77 35.77 35.77 35.77 35.77 35.77 35.77 35.77 35.77 35.77 35.77 35.77 35.77 35.77 35.77 35.77 35.77 35.77 35.77 35.77 35.77 35.77 35.77 35.77 35.77 35.77
54.6008 39.268 77.4194 77.4194 77.4194 77.4194 77.4194 77.4194 77.4194 77.4194 77.4194 77.4194 77.4194 77.4194 77.4194 77.4194 77.4194 77.4194 77.4194 77.4194 77.4194 77.4194 77.4194 77.4194 77.4194 77.4194 77.4194 77.4194
58.5366 66.398 32.1882 32.1882 32.1882 32.1882 32.1882 32.1882 32.1882 32.1882 32.1882 32.1882 32.1882 32.1882 32.1882 32.1882 32.1882 32.1882 32.1882 32.1882 32.1882 32.1882 32.1882 32.1882 32.1882 32.1882 32.1882 32.1882
75.9013 86.1919 14.5137 14.5137 14.5137 14.5137 14.5137 14.5137 14.5137 14.5137 14.5137 14.5137 14.5137 14.5137 14.5137 14.5137 14.5137 14.5137 14.5137 14.5137 14.5137 14.5137 14.5137 14.5137 14.5137 14.5137 14.5137 14.5137
19.4499 73.6505 30.2391 30.2391 30.2391 30.2391 30.2391 30.2391 30.2391 30.2391 30.2391 30.2391 30.2391 30.2391 30.2391 30.2391 30.2391 30.2391 30.2391 30.2391 30.2391 30.2391 30.2391 30.2391 30.2391 30.2391 30.2391 30.2391
21.3111 35.8377 45.2883 45.2883 45.2883 45.2883 45.2883 45.2883 45.2883 45.2883 45.2883 45.2883 45.2883 45.2883 45.2883 45.2883 45.2883 45.2883 45.2883 45.2883 45.2883 45.2883 45.2883 45.2883 45.2883 45.2883 45.2883 45.2883
59.8577 38.4658 78.2932 78.2932 78.2932 78.2932 78.2932 78.2932 78.2932 78.2932 78.2932 78.2932 78.2932 78.2932 78.2932 78.2932 78.2932 78.2932 78.2932 78.2932 78.2932 78.2932 78.2932 78.2932 78.2932 78.2932 78.2932 78.2932
74.1494 06.6759 85.045 85.045 85.045 85.045 85.045 85.045 85.045 85.045 85.045 85.045 85.045 85.045 85.045 85.045 85.045 85.045 85.045 85.045 85.045 85.045 85.045 85.045 85.045 85.045 85.045 85.045
89.5999 81.2806 36.5668 36.5668 36.5668 36.5668 36.5668 36.5668 36.5668 36.5668 36.5668 36.5668 36.5668 36.5668 36.5668 36.5668 36.5668 36.5668 36.5668 36.5668 36.5668 36.5668 36.5668 36.5668 36.5668 36.5668 36.5668 36.5668
12.6051 13.413 02.3019 02.3019 02.3019 02.3019 02.3019 02.3019 02.3019 02.3019 02.3019 02.3019 02.3019 02.3019 02.3019 02.3019 02.3019 02.3019 02.3019 02.3019 02.3019 02.3019 02.3019 02.3019 02.3019 02.3019 02.3019 02.3019
47.5693 96.7464 03.0912 03.0912 03.0912 03.0912 03.0912 03.0912 03.0912 03.0912 03.0912 03.0912 03.0912 03.0912 03.0912 03.0912 03.0912 03.0912 03.0912 03.0912 03.0912 03.0912 03.0912 03.0912 03.0912 03.0912 03.0912 03.0912
87.5947 39.5549 03.101 03.101 03.101 03.101 03.101 03.101 03.101 03.101 03.101 03.101 03.101 03.101 03.101 03.101 03.101 03.101 03.101 03.101 03.101 03.101 03.101 03.101 03.101 03.101 03.101 03.101
42.7899 66.6721 63.4902 63.4902 63.4902 63.4902 63.4902 63.4902 63.4902 63.4902 63.4902 63.4902 63.4902 63.4902 63.4902 63.4902 63.4902 63.4902 63.4902 63.4902 63.4902 63.4902 63.4902 63.4902 63.4902 63.4902 63.4902 63.4902
37.738 29.4898 96.9602 96.9602 96.9602 96.9602 96.9602 96.9602 96.9602 96.9602 96.9602 96.9602 96.9602 96.9602 96.9602 96.9602 96.9602 96.9602 96.9602 96.9602 96.9602 96.9602 96.9602 96.9602 96.9602 96.9602 96.9602 96.9602
57.1 20.444 27.0732 27.0732 27.0732 27.0732 27.0732 27.0732 27.0732 27.0732 27.0732 27.0732 27.0732 27.0732 27.0732 27.0732 27.0732 27.0732 27.0732 27.0732 27.0732 27.0732 27.0732 27.0732 27.0732 27.0732 27.0732 27.0732
68.5469 78.4054 86.2833 86.2833 86.2833 86.2833 86.2833 86.2833 86.2833 86.2833 86.2833 86.2833 86.2833 86.2833 86.2833 86.2833 86.2833 86.2833 86.2833 86.2833 86.2833 86.2833 86.2833 86.2833 86.2833 86.2833 86.2833 86.2833
96.2166 26.7653 60.0016 60.0016 60.0016 60.0016 60.0016 60.0016 60.0016 60.0016 60.0016 60.0016 60.0016 60.0016 60.0016 60.0016 60.0016 60.0016 60.0016 60.0016 60.0016 60.0016 60.0016 60.0016 60.0016 60.0016 60.0016 60.0016
71.2531 24.7388 37.7445 37.7445 37.7445 37.7445 37.7445 37.7445 37.7445 37.7445 37.7445 37.7445 37.7445 37.7445 37.7445 37.7445 37.7445 37.7445 37.7445 37.7445 37.7445 37.7445 37.7445 37.7445 37.7445 37.7445 37.7445 37.7445
76.0484 66.7324 46.141 46.141 46.141 46.141 46.141 46.141 46.141 46.141 46.141 46.141 46.141 46.141 46.141 46.141 46.141 46.141 46.141 46.141 46.141 46.141 46.141 46.141 46.141 46.141 46.141 46.141
83.3085 13.7726 78.7738 78.7738 78.7738 78.7738 78.7738 78.7738 78.7738 78.7738 78.7738 78.7738 78.7738 78.7738 78.7738 78.7738 78.7738 78.7738 78.7738 78.7738 78.7738 78.7738 78.7738 78.7738 78.7738 78.7738 78.7738 78.7738
81.3819 26.8078 84.8298 84.8298 84.8298 84.8298 84.8298 84.8298 84.8298 84.8298 84.8298 84.8298 84.8298 84.8298 84.8298 84.8298 84.8298 84.8298 84.8298 84.8298 84.8298 84.8298 84.8298 84.8298 84.8298 84.8298 84.8298 84.8298
15.1054 40.4665 03.6517 03.6517 03.6517 03.6517 03.6517 03.6517 03.6517 03.6517 03.6517 03.6517 03.6517 03.6517 03.6517 03.6517 03.6517 03.6517 03.6517 03.6517 03.6517 03.6517 03.6517 03.6517 03.6517 03.6517 03.6517 03.6517
08.134 70.0003 50.1705 50.1705 50.1705 50.1705 50.1705 50.1705 50.1705 50.1705 50.1705 50.1705 50.1705 50.1705 50.1705 50.1705 50.1705 50.1705 50.1705 50.1705 50.1705 50.1705 50.1705 50.1705 50.1705 50.1705 50.1705 50.1705
86.4542 91.7513 43.9247 43.9247 43.9247 43.9247 43.9247 43.9247 43.9247 43.9247 43.9247 43.9247 43.9247 43.9247 43.9247 43.9247 43.9247 43.9247 43.9247 43.9247 43.9247 43.9247 43.9247 43.9247 43.9247 43.9247 43.9247 43.9247
02.1965 01.8223 57.1518 57.1518 57.1518 57.1518 57.1518 57.1518 57.1518 57.1518 57.1518 57.1518 57.1518 57.1518 57.1518 57.1518 57.1518 57.1518 57.1518 57.1518 57.1518 57.1518 57.1518 57.1518 57.1518 57.1518 57.1518 57.1518
62.1064 67.2371 83.9034 83.9034 83.9034 83.9034 83.9034 83.9034 83.9034 83.9034 83.9034 83.9034 83.9034 83.9034 83.9034 83.9034 83.9034 83.9034 83.9034 83.9034 83.9034 83.9034 83.9034 83.9034 83.9034 83.9034 83.9034 83.9034
93.5381 89.8527 72.8339 72.8339 72.8339 72.8339 72.8339 72.8339 72.8339 72.8339 72.8339 72.8339 72.8339 72.8339 72.8339 72.8339 72.8339 72.8339 72.8339 72.8339 72.8339 72.8339 72.8339 72.8339 72.8339 72.8339 72.8339 72.8339
73.8583 39.1066 95.6177 95.6177 95.6177 95.6177 95.6177 95.6177 95.6177 95.6177 95.6177 95.6177 95.6177 95.6177 95.6177 95.6177 95.6177 95.6177 95.6177 95.6177 95.6177 95.6177 95.6177 95.6177 95.6177 95.6177 95.6177 95.6177
53.5364 40.4522 23.9557 23.9557 23.9557 23.9557 23.9557 23.9557 23.9557 23.9557 23.9557 23.9557 23.9557 23.9557 23.9557 23.9557 23.9557 23.9557 23.9557 23.9557 23.9557 23.9557 23.9557 23.9557 23.9557 23.9557 23.9557 23.9557
53.444 20.7162 82.9447 82.9447 82.9447 82.9447 82.9447 82.9447 82.9447 82.9447 82.9447 82.9447 82.9447 82.9447 82.9447 82.9447 82.9447 82.9447 82.9447 82.9447 82.9447 82.9447 82.9447 82.9447 82.9447 82.9447 82.9447 82.9447
71.9354 94.5087 05.4461 05.4461 05.4461 05.4461 05.4461 05.4461 05.4461 05.4461 05.4461 05.4461 05.4461 05.4461 05.4461 05.4461 05.4461 05.4461 05.4461 05.4461 05.4461 05.4461 05.4461 05.4461 05.4461 05.4461 05.4461 05.4461
06.4209 14.0238 73.0713 73.0713 73.0713 73.0713 73.0713 73.0713 73.0713 73.0713 73.0713 73.0713 73.0713 73.0713 73.0713 73.0713 73.0713 73.0713 73.0713 73.0713 73.0713 73.0713 73.0713 73.0713 73.0713 73.0713 73.0713 73.0713
